3051.94
3087.84
3073.11
3097
3023.37
3031.06
3053.23
3069.14
3048.93
3051.28
3013.41
2976.94
2992.84
3050.48
3046.09
3067.75
3074.58
3053.129
3056.809
3019.179
3059.719
3123.8
3128.469
3109.1
3147.42
3157.96
3158.68
3148.219
3118.709
3145.349
3129.26
3161.25
3166.179
3164.969
3130.299
2980.299
2979.529
3033.279
2999.479
2983.539
2969.499
2907.929
2900.329
2868.429
2870.609
2835.279
2857.149
2739.699
2688.379
2698.759
2647.569
2655.709
2710.509
2696.629
2559.929
2594.779
2587.809
2555.939
2583.519
2673.419
2622.629
2625.789
2655.919
2655.769
2592.149
2568.279
2571.419
2552.659
2553.589
2511.729
2513.949
2583.869
2562.579
2569.939
2560.249
2513.219
2586.209
2588.699
2569.869
2566.75
2552.82
2535.28
2427.05
2398.37
2373.79
2382.9
2363.95
2409.42
2421.12
2415.15
